%YAML:1.0
---
plane_R_world: !!opencv-matrix
   rows: 3
   cols: 3
   dt: d
   data: [ 9.9999262374903297e-01, 1.1782226597809042e-03,
       -3.6557131847210068e-03, -1.1719694731044210e-03,
       9.9999784743495479e-01, 1.7121953775504752e-03,
       3.6577226629523926e-03, -1.7078983637127474e-03,
       9.9999185204085550e-01 ]
plane_Z_world: 8.7508903706763674e-01
