%YAML:1.0
---
plane_R_world: !!opencv-matrix
   rows: 3
   cols: 3
   dt: d
   data: [ 9.9999454270498511e-01, 1.0633050035062646e-03,
       -3.1279294616622200e-03, -1.0595539968265494e-03,
       9.9999871793874806e-01, 1.2006107562030281e-03,
       3.1292020668893922e-03, -1.1972899939530377e-03,
       9.9999438727979617e-01 ]
plane_Z_world: 7.8126367149242404e-01
