%YAML:1.0
---
plane_R_world: !!opencv-matrix
   rows: 3
   cols: 3
   dt: d
   data: [ 9.9998434077263954e-01, -5.0828183425324948e-03,
       -2.3416163661899103e-03, 5.0885583409524225e-03,
       9.9998404726214030e-01, 2.4518962539876064e-03,
       2.3291164677440978e-03, -2.4637733106781870e-03,
       9.9999425250225982e-01 ]
plane_Z_world: 8.9168262309123103e-01
