%YAML:1.0
---
model_type: PINHOLE
camera_name: camera
image_width: 640
image_height: 480
distortion_parameters:
   k1: 0
   k2: 0
   p1: 0
   p2: 0
projection_parameters:
   fx: 618.109191894531
   fy: 618.762390136719
   cx: 315.244689941406
   cy: 243.967010498047
